3370
3191
3779
3350
3357
3767
3817
3353
3361
3390
3852
4004
3355
3756
3807
3563
3161
3551
3765
3115
3188
3853
3318
3368
3310
3369
3165
3554
3316
3805
4010
3169
3816
3389
3851
3301
3571
3106
3768
4018
3804
3806
3300
3850
3114
3171
3812
3572
3813
3555
4067
3854
3857
4024
3111
3322
3830
3383
3321
4019
3113
3366
3328
3764
3167
4069
3814
3120
3380
3780
3128
3753
3327
3174
41486
4034
3822
4035
3760
3102
3789
4006
3826
3557
3311
3552
4025
3178
4026
4005
3309
3323
3575
3124
50028
3585
3771
3360
40781
4030
51731
3307
3364
3586
